[
       array([0.786242, 0.492108]), 
       array([0.728919, 0.008403]), 
       array([0.949959, 0.98491 , 0.404478]), 
       array([0.44739 , 0.406746, 0.376756, 0.398562]), array([0.26219 , 0.92795 , 0.947821, 0.961471]),
       array([4.71095e-01, 2.23517e-01, 6.32662e-01, 9.59010e-01, 7.04000e-04]), array([0.395841, 0.283585, 0.13224 , 0.25932 , 0.371154, 0.897563]), array([0.351365, 0.099784, 0.076173, 0.161989, 0.36082 , 0.91595 ,
       0.718151, 0.668977])]
[
       array(
              [0.608457, 0.572782]), 
              array([0.684763, 0.992806]),
               array([0.741774, 0.823083, 0.500825]),
                array([0.400828, 0.42327 , 0.353541, 0.436252]),
                 array([0.052118, 0.036379, 0.117414, 0.977615]),
                  array([0.41723 , 0.192026, 0.747316, 0.983725, 0.001043]),
                   array([0.221213, 0.300122, 0.168952, 0.224512, 0.389654, 0.859427]), 
                   array([0.088343, 0.02128 , 0.151776, 0.018496, 0.823879, 0.721907,
       0.134064, 0.2023  ])]